4 0.5296875 0.7375 0.1875 0.1984375
4 0.80625 0.89140625 0.25625 0.2171875
4 0.359375 0.790625 0.16640625 0.18828125
4 0.2453125 0.88828125 0.2421875 0.2234375
4 0.18359375 0.6625 0.1640625 0.1609375
4 0.10078125 0.571875 0.090625 0.121875
4 0.375 0.6140625 0.13046875 0.16640625
4 0.275 0.55546875 0.09765625 0.11015625
4 0.75703125 0.71875 0.2 0.19453125
4 0.54453125 0.6265625 0.16953125 0.1234375
4 0.725 0.59921875 0.16015625 0.15
4 0.8421875 0.59609375 0.1484375 0.15
4 0.19921875 0.4765625 0.084375 0.103125
4 0.090625 0.51640625 0.08046875 0.05390625
4 0.1375 0.45703125 0.0421875 0.0765625
4 0.71484375 0.4515625 0.103125 0.08671875
4 0.88671875 0.49765625 0.17265625 0.08828125
4 0.94609375 0.74609375 0.1078125 0.1328125