4 0.3015625 0.9046875 0.23671875 0.18046875
4 0.17421875 0.71953125 0.1390625 0.2
4 0.41328125 0.715625 0.09609375 0.1640625
4 0.3359375 0.56015625 0.11328125 0.121875
4 0.43984375 0.45703125 0.0953125 0.121875
4 0.50625 0.58203125 0.13125 0.121875
4 0.5765625 0.8515625 0.1453125 0.2203125
4 0.6296875 0.69375 0.10234375 0.1953125
4 0.88203125 0.74453125 0.13515625 0.19140625
4 0.66015625 0.58671875 0.0828125 0.13984375
4 0.55078125 0.49453125 0.07265625 0.10078125
4 0.51015625 0.3875 0.0640625 0.07578125