1 0.54375 0.871875 0.134375 0.25625
1 0.3609375 0.65078125 0.12109375 0.2625
1 0.12734375 0.1703125 0.0703125 0.07734375
1 0.02734375 0.22734375 0.0546875 0.1328125
4 0.31171875 0.88515625 0.1828125 0.2296875
4 0.271875 0.72265625 0.14296875 0.22890625
4 0.67578125 0.68359375 0.184375 0.28046875
4 0.55 0.7296875 0.1453125 0.20703125
4 0.47734375 0.6171875 0.159375 0.2546875
4 0.5265625 0.53828125 0.13203125 0.21015625
4 0.2484375 0.50078125 0.12109375 0.196875
4 0.0640625 0.659375 0.128125 0.18671875
4 0.24921875 0.4828125 0.12421875 0.1875
4 0.3484375 0.42578125 0.096875 0.1390625
4 0.3859375 0.49921875 0.11875 0.1375
4 0.78671875 0.51875 0.171875 0.21796875
4 0.9078125 0.5125 0.14453125 0.1703125
4 0.70703125 0.42109375 0.12890625 0.1640625
4 0.61640625 0.33671875 0.0921875 0.14375
4 0.71796875 0.3265625 0.11953125 0.1609375
4 0.790625 0.28125 0.12578125 0.15
4 0.85703125 0.24140625 0.0953125 0.16015625
4 0.7234375 0.20859375 0.0796875 0.13046875
4 0.56953125 0.2875 0.0921875 0.134375