4 0.22421875 0.728125 0.11875 0.2234375
4 0.425 0.60546875 0.1046875 0.18984375
4 0.31875 0.77109375 0.10234375 0.25859375
4 0.07578125 0.7359375 0.10625 0.2125
4 0.18671875 0.5546875 0.0890625 0.15390625
4 0.546875 0.85234375 0.12421875 0.2296875
4 0.95234375 0.6234375 0.0953125 0.19140625
4 0.40390625 0.9 0.1546875 0.2
4 0.5375 0.5140625 0.065625 0.14765625
4 0.3578125 0.54921875 0.0953125 0.1421875
4 0.36796875 0.33828125 0.05 0.08984375
4 0.4515625 0.3421875 0.0328125 0.0828125
4 0.415625 0.3953125 0.06640625 0.07734375
2 0.83046875 0.69453125 0.0546875 0.1609375
2 0.43125 0.7578125 0.06640625 0.13125
2 0.88125 0.96796875 0.06875 0.0640625
2 0.6390625 0.9703125 0.05 0.059375
2 0.84921875 0.46328125 0.04765625 0.12734375
2 0.671875 0.43046875 0.0421875 0.0765625
2 0.29609375 0.43359375 0.0296875 0.0625
2 0.325 0.40546875 0.01796875 0.05703125
2 0.55703125 0.4234375 0.021875 0.078125
2 0.52578125 0.41953125 0.025 0.0609375
1 0.7828125 0.37265625 0.0375 0.0984375
1 0.86015625 0.39140625 0.0546875 0.0859375