4 0.3375 0.80625 0.13515625 0.2625
4 0.665625 0.86640625 0.14296875 0.2265625
4 0.4875 0.90625 0.15 0.1875
4 0.634375 0.66171875 0.12578125 0.17578125
4 0.60703125 0.5375 0.11953125 0.12890625
4 0.47734375 0.58203125 0.07890625 0.17734375
4 0.33203125 0.61953125 0.11875 0.19140625
4 0.4953125 0.4328125 0.07734375 0.13671875
4 0.13515625 0.93984375 0.2015625 0.1203125
4 0.7515625 0.1953125 0.07734375 0.09765625
4 0.684375 0.24765625 0.0625 0.12265625
4 0.6109375 0.13046875 0.05390625 0.0828125
4 0.684375 0.1140625 0.04921875 0.0859375
4 0.2828125 0.41484375 0.1046875 0.13203125
3 0.121875 0.70703125 0.2375 0.5859375
4 0.1640625 0.2109375 0.05 0.0828125
4 0.3453125 0.221875 0.05546875 0.096875
4 0.34921875 0.275 0.06328125 0.11328125
4 0.61015625 0.42265625 0.09453125 0.09140625
4 0.796875 0.0765625 0.0578125 0.06484375
2 0.74765625 0.33671875 0.03515625 0.1265625
2 0.8875 0.25625 0.03828125 0.07265625
2 0.3875 0.4234375 0.021875 0.0734375
2 0.3578125 0.39765625 0.03828125 0.06171875
2 0.55 0.48515625 0.0234375 0.0953125
2 0.3125 0.3453125 0.03125 0.08828125
1 0.09453125 0.3015625 0.06484375 0.103125
1 0.4109375 0.2921875 0.0453125 0.0984375
1 0.02421875 0.30546875 0.0484375 0.128125