4 0.52265625 0.77734375 0.1421875 0.18203125
4 0.309375 0.85234375 0.15625 0.18203125
4 0.3109375 0.76015625 0.15703125 0.1625
4 0.31328125 0.57890625 0.12578125 0.15546875
4 0.378125 0.6515625 0.1234375 0.190625
4 0.47890625 0.53671875 0.1171875 0.13203125
4 0.63828125 0.53125 0.11328125 0.18125
4 0.73515625 0.6796875 0.12734375 0.1734375
4 0.74609375 0.88203125 0.1625 0.20390625
4 0.91484375 0.82265625 0.15390625 0.2046875
4 0.90546875 0.65234375 0.12265625 0.159375
4 0.84921875 0.4828125 0.10625 0.146875