4 0.0578125 0.6546875 0.09140625 0.20859375
4 0.14375 0.72734375 0.06484375 0.1671875
4 0.08828125 0.85078125 0.078125 0.1484375
4 0.1796875 0.93984375 0.12265625 0.06484375
4 0.2671875 0.803125 0.0875 0.190625
4 0.459375 0.90625 0.103125 0.1875
4 0.31875 0.72890625 0.07578125 0.15625
4 0.36875 0.64765625 0.05546875 0.128125
4 0.31640625 0.5703125 0.06796875 0.13046875
4 0.40234375 0.56640625 0.06484375 0.14140625
4 0.48125 0.80078125 0.08359375 0.1296875
4 0.5515625 0.721875 0.09375 0.2046875
4 0.68828125 0.9453125 0.1140625 0.109375
4 0.8625 0.8046875 0.06796875 0.15625
4 0.803125 0.6671875 0.05625 0.128125
4 0.6765625 0.70546875 0.078125 0.13828125
4 0.4453125 0.5328125 0.05859375 0.1453125