4 0.47890625 0.74140625 0.12421875 0.25
4 0.6265625 0.53125 0.08203125 0.15546875
4 0.7765625 0.875 0.1984375 0.24921875
4 0.18359375 0.89375 0.18828125 0.2125
4 0.30390625 0.628125 0.11015625 0.18359375
4 0.30390625 0.43984375 0.1015625 0.14609375
4 0.4515625 0.5125 0.09375 0.15390625
4 0.5703125 0.41796875 0.0828125 0.12890625
4 0.51484375 0.359375 0.08203125 0.11484375
4 0.40703125 0.38359375 0.06640625 0.08359375
4 0.27578125 0.328125 0.0546875 0.06953125
4 0.3140625 0.2609375 0.03515625 0.04296875
4 0.25625 0.2640625 0.0390625 0.05390625