1 0.2578125 0.71328125 0.07734375 0.13984375
1 0.08203125 0.6046875 0.08515625 0.12265625
1 0.18984375 0.671875 0.07890625 0.13828125
1 0.27578125 0.503125 0.06796875 0.103125
1 0.184375 0.49375 0.071875 0.1265625
1 0.25390625 0.60390625 0.06484375 0.103125
1 0.38671875 0.5484375 0.06953125 0.121875
1 0.69296875 0.5953125 0.04453125 0.14140625
1 0.54296875 0.28203125 0.03984375 0.09921875
1 0.58359375 0.2796875 0.040625 0.071875
1 0.95078125 0.81953125 0.08828125 0.2
1 0.86484375 0.72578125 0.0953125 0.15625
1 0.8078125 0.63515625 0.05546875 0.13671875
4 0.62265625 0.62734375 0.06796875 0.1421875
4 0.6328125 0.53125 0.065625 0.1125
4 0.5859375 0.42265625 0.05859375 0.12109375