3 0.14296875 0.86640625 0.240625 0.16328125
4 0.48203125 0.7953125 0.046875 0.0875
4 0.3296875 0.684375 0.0421875 0.07734375
4 0.2875 0.6390625 0.04296875 0.0828125
4 0.253125 0.6953125 0.05625 0.08359375
4 0.325 0.56796875 0.04609375 0.0671875
4 0.39765625 0.5484375 0.05390625 0.08671875
4 0.440625 0.56484375 0.0328125 0.07734375
4 0.5546875 0.54375 0.071875 0.09296875
4 0.53515625 0.80234375 0.04765625 0.07734375
4 0.1828125 0.52265625 0.0453125 0.07734375
4 0.58671875 0.84921875 0.0390625 0.10390625
1 0.190625 0.6703125 0.046875 0.07578125
1 0.25390625 0.5984375 0.0515625 0.06015625
1 0.528125 0.3578125 0.03359375 0.078125
1 0.58515625 0.74609375 0.04375 0.09375
4 0.3046875 0.50234375 0.06171875 0.0640625
4 0.77890625 0.38359375 0.03984375 0.0921875
4 0.7203125 0.390625 0.03984375 0.11015625
4 0.909375 0.22265625 0.040625 0.0984375
4 0.85234375 0.36015625 0.0453125 0.09765625
4 0.73828125 0.51953125 0.03671875 0.0984375
4 0.6421875 0.68046875 0.0421875 0.096875
4 0.5484375 0.63515625 0.04609375 0.0953125
4 0.4546875 0.63359375 0.0578125 0.0671875
4 0.484375 0.30234375 0.053125 0.0734375
4 0.51328125 0.20390625 0.0421875 0.10859375
4 0.403125 0.2421875 0.03359375 0.08515625
4 0.36796875 0.24609375 0.03828125 0.07734375
4 0.73359375 0.62265625 0.053125 0.0859375