4 0.63515625 0.85390625 0.159375 0.2296875
4 0.4125 0.8296875 0.16953125 0.2171875
4 0.6375 0.76484375 0.13046875 0.209375
4 0.9390625 0.82265625 0.121875 0.3046875
4 0.81640625 0.70703125 0.1296875 0.2140625
4 0.71640625 0.62265625 0.1125 0.15859375
4 0.721875 0.503125 0.09296875 0.153125
4 0.80625 0.50078125 0.109375 0.10234375
4 0.88984375 0.42109375 0.08359375 0.14765625
4 0.11796875 0.81015625 0.15 0.18359375
4 0.21875 0.76328125 0.115625 0.17265625
4 0.06875 0.72734375 0.12265625 0.1296875
4 0.31328125 0.68125 0.09765625 0.13203125
4 0.47890625 0.55 0.08828125 0.12109375
4 0.17109375 0.54609375 0.05234375 0.103125
4 0.28671875 0.54609375 0.1 0.11796875
4 0.07578125 0.48203125 0.065625 0.10390625
4 0.9375 0.79609375 0.125 0.2671875
4 0.7296875 0.50625 0.08359375 0.15703125
1 0.94609375 0.48828125 0.075 0.15625
1 0.97265625 0.91328125 0.05390625 0.17265625