4 0.5109375 0.82890625 0.196875 0.3421875
4 0.23984375 0.82734375 0.2171875 0.3453125
4 0.54453125 0.4921875 0.1390625 0.2515625
4 0.346875 0.575 0.15859375 0.25390625
4 0.7546875 0.48359375 0.12265625 0.225
4 0.61328125 0.396875 0.09609375 0.171875
4 0.49375 0.33359375 0.1078125 0.17421875
4 0.71484375 0.325 0.0921875 0.18828125
4 0.653125 0.27109375 0.0921875 0.134375
4 0.39453125 0.2921875 0.14375 0.171875
4 0.54296875 0.234375 0.07890625 0.14296875
4 0.70546875 0.17265625 0.07421875 0.115625
4 0.51640625 0.17578125 0.07109375 0.13671875
4 0.59453125 0.19296875 0.06953125 0.1328125
1 0.86015625 0.2921875 0.08125 0.15078125
1 0.16796875 0.528125 0.18515625 0.228125
1 0.34140625 0.1125 0.04765625 0.146875
1 0.77890625 0.19765625 0.0578125 0.1546875
1 0.83515625 0.1234375 0.0359375 0.10078125
1 0.8609375 0.08515625 0.0546875 0.04140625
2 0.40390625 0.125 0.03125 0.10390625