4 0.3265625 0.9453125 0.15625 0.109375
4 0.2625 0.84921875 0.14140625 0.1828125
4 0.2453125 0.73515625 0.10625 0.14375
4 0.203125 0.640625 0.07578125 0.15546875
4 0.1921875 0.5875 0.0796875 0.11796875
4 0.16328125 0.525 0.07265625 0.103125
4 0.5046875 0.88046875 0.1359375 0.184375
4 0.43046875 0.75546875 0.084375 0.15
4 0.3625 0.67421875 0.07421875 0.14140625
4 0.32890625 0.60625 0.090625 0.13671875
4 0.29375 0.52109375 0.08046875 0.1265625
4 0.82109375 0.9453125 0.17265625 0.109375
4 0.6734375 0.8671875 0.153125 0.1875
4 0.4671875 0.6453125 0.096875 0.134375
4 0.4265625 0.578125 0.08984375 0.109375
4 0.39140625 0.53515625 0.0890625 0.15
4 0.5578125 0.57265625 0.09140625 0.128125
4 0.671875 0.69765625 0.0796875 0.14921875
4 0.7640625 0.7625 0.09140625 0.1484375
4 0.4953125 0.53359375 0.0671875 0.0609375