1 0.51015625 0.7359375 0.10234375 0.16875
1 0.4625 0.47421875 0.071875 0.14609375
1 0.321875 0.27265625 0.0671875 0.121875
1 0.4875 0.92890625 0.1234375 0.1421875
1 0.2921875 0.19296875 0.06484375 0.1140625
4 0.28046875 0.875 0.14140625 0.18203125
4 0.26171875 0.71171875 0.128125 0.16328125
4 0.28125 0.58046875 0.09453125 0.134375
4 0.24296875 0.5 0.10390625 0.1140625
4 0.07734375 0.91796875 0.11640625 0.1640625
4 0.10390625 0.8046875 0.1546875 0.2125
4 0.10546875 0.625 0.08828125 0.109375
4 0.10390625 0.5453125 0.1140625 0.10625
4 0.11328125 0.4578125 0.1078125 0.0875
4 0.10546875 0.3625 0.109375 0.1203125
4 0.2453125 0.38671875 0.11171875 0.1015625
4 0.23671875 0.31328125 0.10546875 0.0890625
4 0.2140625 0.2453125 0.07734375 0.1046875
4 0.121875 0.265625 0.0734375 0.08671875
4 0.11640625 0.1671875 0.10390625 0.1140625
4 0.20625 0.1328125 0.0828125 0.10234375
4 0.37578125 0.38046875 0.11796875 0.125
4 0.38359375 0.54140625 0.1078125 0.11796875
4 0.4265625 0.81640625 0.10078125 0.17421875
4 0.45625 0.61796875 0.08046875 0.18359375
2 0.6109375 0.92890625 0.0578125 0.1421875
4 0.78046875 0.3515625 0.0984375 0.17578125
4 0.90234375 0.45234375 0.08671875 0.1640625
4 0.940625 0.53203125 0.090625 0.1625
4 0.97109375 0.6 0.0578125 0.17890625
4 0.7078125 0.21328125 0.0734375 0.134375