4 0.3625 0.76875 0.1109375 0.159375
4 0.49765625 0.7828125 0.13203125 0.125
4 0.6625 0.79765625 0.125 0.11328125
4 0.20859375 0.7390625 0.13125 0.1484375
4 0.44765625 0.68984375 0.11171875 0.0984375
4 0.58359375 0.6921875 0.09140625 0.09921875
4 0.69921875 0.715625 0.07734375 0.10234375
4 0.825 0.7921875 0.10625 0.103125
4 0.85703125 0.66953125 0.0953125 0.0890625
4 0.0890625 0.79453125 0.13828125 0.11640625
4 0.33984375 0.63359375 0.078125 0.1203125
4 0.53984375 0.6203125 0.07890625 0.0796875
4 0.73359375 0.62890625 0.06171875 0.0875
4 0.65 0.60625 0.0546875 0.06953125