4 0.475 0.78828125 0.053125 0.0984375
4 0.53984375 0.796875 0.03828125 0.08515625
4 0.590625 0.8359375 0.03828125 0.084375
4 0.54453125 0.64453125 0.0375 0.07578125
4 0.6 0.684375 0.04921875 0.115625
4 0.571875 0.48359375 0.04375 0.09375
4 0.44765625 0.5640625 0.05390625 0.07421875
4 0.46484375 0.6328125 0.06875 0.0625
4 0.340625 0.5625 0.06328125 0.07421875
4 0.3609375 0.50703125 0.06484375 0.1
4 0.3296875 0.6546875 0.03828125 0.10078125
4 0.26484375 0.69765625 0.06953125 0.08515625
4 0.2453125 0.57265625 0.03984375 0.09921875
4 0.16640625 0.5921875 0.05703125 0.0640625
4 0.1984375 0.5265625 0.0515625 0.078125
4 0.309375 0.50859375 0.05703125 0.07265625
4 0.4875 0.77890625 0.04375 0.08515625