4 0.5421875 0.5765625 0.1546875 0.1859375
4 0.46171875 0.6875 0.13046875 0.1703125
4 0.3890625 0.759375 0.1265625 0.20625
4 0.23984375 0.74609375 0.15390625 0.18515625
4 0.5953125 0.7703125 0.1453125 0.1625
4 0.8109375 0.78125 0.1578125 0.17890625
4 0.86796875 0.7203125 0.13046875 0.1625
4 0.8984375 0.5203125 0.1484375 0.12578125
4 0.9234375 0.91640625 0.15234375 0.16640625
4 0.62578125 0.9421875 0.1890625 0.11484375
4 0.4234375 0.934375 0.15234375 0.13125
4 0.2296875 0.61875 0.1578125 0.09609375
4 0.25625 0.50859375 0.13046875 0.16640625
4 0.41640625 0.5015625 0.10390625 0.1203125
4 0.365625 0.34765625 0.11015625 0.13359375