4 0.4875 0.7265625 0.13515625 0.09921875
4 0.29140625 0.88671875 0.12421875 0.140625
4 0.09375 0.75703125 0.128125 0.1125
4 0.26015625 0.69140625 0.121875 0.12265625
4 0.39296875 0.66640625 0.11484375 0.07734375
4 0.63828125 0.68046875 0.07890625 0.11953125
4 0.58046875 0.5734375 0.06875 0.1
4 0.453125 0.5859375 0.11171875 0.07578125
4 0.48359375 0.4703125 0.04609375 0.1109375
4 0.34765625 0.453125 0.0703125 0.0890625
4 0.25625 0.365625 0.07734375 0.065625
4 0.334375 0.38515625 0.0625 0.07265625
4 0.84375 0.71640625 0.07890625 0.1296875
4 0.440625 0.384375 0.071875 0.0671875
4 0.8296875 0.37265625 0.0921875 0.065625
3 0.7734375 0.8 0.228125 0.4
3 0.3765625 0.2625 0.21484375 0.11171875
3 0.8046875 0.22578125 0.1828125 0.0671875
3 0.62421875 0.25859375 0.18984375 0.1046875
3 0.7421875 0.42265625 0.19453125 0.17109375