1 0.27578125 0.83046875 0.121875 0.184375
1 0.16484375 0.6953125 0.09453125 0.14921875
1 0.47734375 0.78125 0.121875 0.18125
1 0.2296875 0.58515625 0.07734375 0.15
1 0.7234375 0.459375 0.07890625 0.146875
4 0.56640625 0.89375 0.175 0.1921875
4 0.88828125 0.746875 0.22265625 0.16171875
4 0.31953125 0.55078125 0.0921875 0.1328125
4 0.32265625 0.65390625 0.134375 0.12421875
4 0.17265625 0.8140625 0.12265625 0.1828125
4 0.72265625 0.58125 0.14375 0.17421875
4 0.803125 0.44375 0.1 0.11953125
4 0.94140625 0.43984375 0.1171875 0.146875