4 0.23515625 0.88359375 0.1546875 0.2328125
4 0.27265625 0.76015625 0.09375 0.1890625
4 0.3109375 0.6671875 0.11015625 0.23359375
4 0.3328125 0.52890625 0.09140625 0.1828125
4 0.42109375 0.91796875 0.1578125 0.16328125
4 0.45078125 0.75390625 0.11015625 0.14609375
4 0.47265625 0.890625 0.128125 0.18046875
4 0.45546875 0.5765625 0.10625 0.14375
4 0.41484375 0.42734375 0.0734375 0.11171875
4 0.571875 0.596875 0.08984375 0.165625
4 0.57890625 0.7171875 0.0875 0.1859375
4 0.69921875 0.82109375 0.1015625 0.2046875
4 0.79375 0.85625 0.07890625 0.234375
4 0.478125 0.3515625 0.04375 0.103125
4 0.40703125 0.29765625 0.04921875 0.07734375
3 0.67421875 0.2375 0.11953125 0.18203125
3 0.76015625 0.57578125 0.18359375 0.32734375