4 0.13828125 0.83984375 0.2046875 0.1234375
4 0.096875 0.62890625 0.17734375 0.128125
4 0.12109375 0.553125 0.17421875 0.18671875
4 0.29609375 0.4765625 0.16640625 0.11015625
4 0.36796875 0.6390625 0.184375 0.1390625
4 0.59453125 0.6546875 0.19140625 0.11875
4 0.72890625 0.82421875 0.16328125 0.153125
4 0.80859375 0.71171875 0.15546875 0.134375
4 0.809375 0.565625 0.16328125 0.15546875
4 0.9359375 0.49453125 0.12734375 0.134375
4 0.54453125 0.46875 0.1265625 0.12890625
4 0.640625 0.36484375 0.1796875 0.140625
4 0.42265625 0.3375 0.1421875 0.10703125
4 0.24296875 0.3015625 0.1921875 0.14296875
4 0.28828125 0.2375 0.16640625 0.16484375
4 0.49296875 0.234375 0.1515625 0.09921875
4 0.49453125 0.13125 0.1453125 0.103125
4 0.71484375 0.17421875 0.16171875 0.103125
4 0.16640625 0.1234375 0.1609375 0.11796875