4 0.1625 0.7421875 0.16875 0.221875
4 0.3109375 0.90625 0.1953125 0.15
4 0.58203125 0.865625 0.1390625 0.26875
4 0.40859375 0.73125 0.13203125 0.16953125
4 0.3421875 0.59609375 0.12734375 0.14921875
4 0.44296875 0.45078125 0.1046875 0.11484375
4 0.49765625 0.60390625 0.08984375 0.146875
4 0.6296875 0.68046875 0.10234375 0.17734375
4 0.87109375 0.72421875 0.140625 0.16875
4 0.66484375 0.51328125 0.07109375 0.11640625
4 0.55078125 0.490625 0.1015625 0.140625
4 0.515625 0.36953125 0.0796875 0.109375
4 0.63984375 0.36796875 0.090625 0.1328125