4 0.22578125 0.859375 0.16484375 0.27109375
4 0.41796875 0.91640625 0.1140625 0.1671875
4 0.2703125 0.75703125 0.1140625 0.215625
4 0.3265625 0.67578125 0.10546875 0.2453125
4 0.33828125 0.5140625 0.1 0.20390625
4 0.44921875 0.7640625 0.0984375 0.15234375
4 0.44765625 0.65859375 0.1 0.125
4 0.703125 0.846875 0.08984375 0.26015625
4 0.784375 0.87265625 0.05703125 0.2546875
1 0.63515625 0.9046875 0.12265625 0.18984375
3 0.771875 0.584375 0.2125 0.38828125
3 0.91328125 0.85625 0.1734375 0.2875
2 0.56953125 0.84453125 0.0421875 0.1421875
4 0.5765625 0.7015625 0.10703125 0.20078125