4 0.5234375 0.71875 0.0859375 0.16953125
4 0.4203125 0.77734375 0.0984375 0.1796875
4 0.365625 0.67109375 0.075 0.1359375
4 0.44921875 0.5359375 0.05625 0.10859375
4 0.60703125 0.5578125 0.07890625 0.140625
4 0.55390625 0.4484375 0.06328125 0.13125
4 0.39453125 0.42734375 0.03984375 0.140625
4 0.42265625 0.39609375 0.04453125 0.08203125
4 0.33359375 0.26328125 0.0375 0.07109375
4 0.2734375 0.23515625 0.03515625 0.065625
4 0.88984375 0.82421875 0.11484375 0.20078125
4 0.66796875 0.68984375 0.06015625 0.18984375
2 0.2859375 0.9140625 0.0421875 0.10546875
2 0.178125 0.690625 0.03359375 0.11328125
2 0.43828125 0.9609375 0.0515625 0.078125
2 0.871875 0.69765625 0.0375 0.06171875
2 0.7890625 0.58359375 0.025 0.1125
2 0.63125 0.38125 0.01953125 0.06328125
2 0.58671875 0.3640625 0.0234375 0.0734375
2 0.5859375 0.309375 0.0140625 0.05390625
2 0.6140625 0.32890625 0.01484375 0.05234375
2 0.46796875 0.31171875 0.02421875 0.05390625
2 0.43359375 0.26171875 0.01953125 0.05703125
2 0.246875 0.309375 0.028125 0.065625
2 0.2671875 0.29296875 0.021875 0.0375
2 0.21015625 0.2390625 0.01796875 0.0453125
2 0.22890625 0.21953125 0.025 0.05625
1 0.23828125 0.55078125 0.06640625 0.1171875
1 0.3109375 0.48515625 0.0625 0.115625
1 0.3390625 0.32890625 0.03984375 0.109375
1 0.37421875 0.45234375 0.0484375 0.10703125
1 0.38359375 0.590625 0.059375 0.1578125