4 0.50546875 0.91640625 0.17421875 0.1671875
4 0.0984375 0.9125 0.196875 0.175
4 0.10625 0.71875 0.1734375 0.32421875
4 0.1875 0.5828125 0.1796875 0.23515625
4 0.2109375 0.45625 0.1375 0.17265625
4 0.25859375 0.353125 0.1734375 0.228125
4 0.50546875 0.7703125 0.228125 0.2703125
4 0.53046875 0.615625 0.15 0.23125
4 0.52421875 0.48046875 0.15390625 0.178125
4 0.50078125 0.33515625 0.159375 0.1703125
4 0.91875 0.8453125 0.1625 0.2734375
4 0.85703125 0.584375 0.18125 0.23828125
4 0.77109375 0.4578125 0.18828125 0.24140625
4 0.75625 0.27578125 0.1203125 0.14296875