4 0.64765625 0.8921875 0.1796875 0.215625
4 0.5953125 0.68515625 0.13359375 0.22109375
4 0.40546875 0.7359375 0.15234375 0.271875
4 0.16953125 0.82734375 0.15859375 0.315625
4 0.23046875 0.6375 0.09921875 0.1953125
4 0.35625 0.4921875 0.0953125 0.15703125
4 0.3828125 0.56875 0.103125 0.1515625
4 0.503125 0.4859375 0.08828125 0.11953125
4 0.51953125 0.57421875 0.1 0.1453125
4 0.778125 0.7234375 0.16015625 0.259375
4 0.8703125 0.85625 0.16640625 0.25078125
4 0.69296875 0.52109375 0.08359375 0.1328125