4 0.37890625 0.79921875 0.18359375 0.240625
4 0.671875 0.81875 0.20390625 0.2390625
4 0.8328125 0.68203125 0.1515625 0.21875
4 0.75234375 0.50625 0.13046875 0.1828125
1 0.61171875 0.59609375 0.14921875 0.22265625
4 0.321875 0.68359375 0.1796875 0.21640625
4 0.16796875 0.58203125 0.19921875 0.19375
4 0.534375 0.5515625 0.109375 0.1796875
4 0.38671875 0.45625 0.12890625 0.16640625
4 0.2109375 0.4125 0.125 0.10390625
4 0.48046875 0.325 0.13125 0.15078125
4 0.6734375 0.4140625 0.11640625 0.13359375
4 0.284375 0.35390625 0.1078125 0.1421875