4 0.475 0.94609375 0.1234375 0.10703125
4 0.565625 0.89609375 0.0921875 0.16015625
4 0.63671875 0.821875 0.1109375 0.17734375
4 0.28984375 0.95234375 0.153125 0.0953125
4 0.184375 0.81640625 0.1046875 0.1203125
4 0.32421875 0.55078125 0.09609375 0.090625
4 0.328125 0.65078125 0.1171875 0.109375
4 0.725 0.57578125 0.1078125 0.13046875
4 0.87421875 0.73515625 0.14765625 0.16953125
4 0.796875 0.45 0.06875 0.11171875
4 0.64609375 0.42265625 0.0828125 0.0984375
1 0.234375 0.57890625 0.07109375 0.090625
1 0.17890625 0.68828125 0.1078125 0.1171875
1 0.48203125 0.77421875 0.10234375 0.13984375
1 0.2828125 0.81328125 0.103125 0.14921875
1 0.08828125 0.9453125 0.11171875 0.109375
4 0.46953125 0.6484375 0.10390625 0.13125
4 0.4140625 0.60234375 0.06171875 0.121875
4 0.1875 0.5171875 0.0734375 0.1015625