4 0.20703125 0.8484375 0.1140625 0.19296875
4 0.23046875 0.603125 0.134375 0.20625
4 0.35 0.65625 0.08515625 0.19609375
4 0.08515625 0.73203125 0.11875 0.1734375
4 0.49453125 0.709375 0.09375 0.190625
4 0.62109375 0.5546875 0.1046875 0.1796875
4 0.471875 0.49609375 0.1109375 0.178125
4 0.3578125 0.91015625 0.1171875 0.1796875
4 0.3484375 0.44140625 0.1046875 0.153125
4 0.2796875 0.3421875 0.0734375 0.159375
4 0.15234375 0.48203125 0.10390625 0.15390625
4 0.0359375 0.60078125 0.071875 0.1359375
4 0.16875 0.30625 0.0796875 0.13203125
4 0.36875 0.24140625 0.0703125 0.1265625
4 0.55546875 0.22421875 0.07890625 0.13203125
4 0.4640625 0.32734375 0.09375 0.15625
4 0.5734375 0.3796875 0.0859375 0.1671875
4 0.64375 0.23828125 0.0703125 0.09375
4 0.69921875 0.4203125 0.10078125 0.1640625
4 0.7796875 0.296875 0.09296875 0.13984375
4 0.80703125 0.509375 0.08984375 0.14609375
4 0.74140625 0.6609375 0.115625 0.20078125
4 0.62734375 0.8921875 0.13984375 0.21484375
4 0.8640625 0.79140625 0.11875 0.221875
4 0.9546875 0.58125 0.0890625 0.165625
4 0.88125 0.38203125 0.078125 0.1546875