4 0.66796875 0.79609375 0.18125 0.2453125
4 0.38046875 0.778125 0.17890625 0.24296875
4 0.83203125 0.671875 0.1796875 0.2
4 0.31796875 0.65859375 0.175 0.21875
4 0.1921875 0.61640625 0.16875 0.20390625
4 0.5171875 0.58046875 0.1015625 0.21640625
4 0.40546875 0.49453125 0.11875 0.14921875
4 0.8890625 0.49921875 0.1375 0.16796875
4 0.74453125 0.53984375 0.1359375 0.17421875
4 0.66796875 0.48046875 0.11484375 0.1546875
4 0.4796875 0.36875 0.12890625 0.15078125
4 0.428125 0.39921875 0.1125 0.09765625
1 0.61328125 0.5984375 0.13828125 0.23203125
1 0.52890625 0.209375 0.121875 0.06953125
1 0.68125 0.228125 0.08515625 0.0984375
1 0.13046875 0.14765625 0.20390625 0.2953125