2 0.60859375 0.75703125 0.03828125 0.11796875
1 0.53125 0.91640625 0.17734375 0.16640625
1 0.171875 0.475 0.0953125 0.1046875
1 0.35 0.490625 0.10859375 0.1109375
1 0.3078125 0.3546875 0.071875 0.11796875
4 0.23046875 0.92109375 0.20390625 0.1578125
4 0.753125 0.89375 0.1421875 0.2
4 0.75078125 0.6796875 0.128125 0.1953125
4 0.63515625 0.51484375 0.1140625 0.171875
4 0.48359375 0.51171875 0.11953125 0.1078125
4 0.9203125 0.82109375 0.15859375 0.19453125
4 0.9171875 0.64140625 0.13125 0.16328125
4 0.8671875 0.578125 0.11640625 0.17109375
4 0.52109375 0.75234375 0.13984375 0.175
4 0.315625 0.7625 0.17578125 0.17265625
4 0.74453125 0.88203125 0.1625 0.171875