4 0.36484375 0.92421875 0.1265625 0.1515625
4 0.1515625 0.9328125 0.175 0.134375
4 0.25546875 0.82109375 0.1171875 0.1890625
4 0.55234375 0.82109375 0.11875 0.15
4 0.396875 0.77578125 0.10625 0.1703125
4 0.303125 0.69765625 0.09375 0.13125
4 0.23828125 0.6578125 0.07734375 0.1125
4 0.1359375 0.6734375 0.1203125 0.12265625
4 0.09140625 0.58046875 0.08671875 0.11015625
4 0.74140625 0.93203125 0.1578125 0.1359375
4 0.71484375 0.85234375 0.10546875 0.14296875
4 0.6921875 0.75 0.078125 0.1
4 0.70546875 0.69296875 0.121875 0.13046875
4 0.66953125 0.61171875 0.06796875 0.0859375
4 0.76875 0.6015625 0.090625 0.13125
4 0.80625 0.68515625 0.1046875 0.096875
4 0.8765625 0.83671875 0.13359375 0.14296875
4 0.91328125 0.9375 0.146875 0.125
4 0.56640625 0.58359375 0.084375 0.11328125
4 0.4828125 0.58359375 0.0484375 0.1
4 0.38203125 0.61640625 0.0828125 0.1
4 0.27421875 0.521875 0.05 0.0765625
4 0.1546875 0.55 0.090625 0.10703125
4 0.1453125 0.4796875 0.06640625 0.08046875