4 0.71484375 0.73984375 0.15234375 0.19765625
4 0.4546875 0.69296875 0.146875 0.14375
4 0.6046875 0.55078125 0.1234375 0.16953125
4 0.559375 0.4625 0.0859375 0.1328125
4 0.50234375 0.35 0.07265625 0.134375
4 0.3921875 0.44375 0.090625 0.1078125
4 0.3671875 0.375 0.07421875 0.1015625
4 0.34453125 0.28125 0.08359375 0.09921875
4 0.2546875 0.91171875 0.1625 0.1765625
4 0.25859375 0.75390625 0.14609375 0.17890625
4 0.240625 0.60625 0.13984375 0.2234375
4 0.0484375 0.81171875 0.096875 0.2203125
4 0.04609375 0.59921875 0.0921875 0.1703125
4 0.07109375 0.48671875 0.1234375 0.15078125
4 0.09453125 0.40234375 0.08359375 0.1828125
4 0.11953125 0.3078125 0.06328125 0.12421875
4 0.134375 0.24765625 0.05 0.09296875
4 0.77734375 0.4421875 0.0796875 0.09609375
4 0.83046875 0.35234375 0.09765625 0.065625
4 0.76484375 0.31328125 0.04296875 0.08828125
4 0.64765625 0.32265625 0.08828125 0.11875
4 0.74453125 0.39609375 0.071875 0.10078125