4 0.38515625 0.809375 0.08046875 0.11796875
4 0.51328125 0.77421875 0.07578125 0.1046875
4 0.52578125 0.678125 0.05390625 0.09296875
4 0.5546875 0.6296875 0.0484375 0.0609375
4 0.63046875 0.6609375 0.071875 0.096875
4 0.63984375 0.80859375 0.096875 0.14765625
4 0.74375 0.7265625 0.090625 0.10546875
4 0.61640625 0.6140625 0.04765625 0.06015625
4 0.49453125 0.5828125 0.02890625 0.06328125
4 0.42578125 0.684375 0.0546875 0.09140625
4 0.34453125 0.6765625 0.046875 0.07578125
4 0.28046875 0.65703125 0.05703125 0.071875
4 0.3390625 0.61015625 0.0515625 0.06484375
4 0.38046875 0.578125 0.04375 0.0546875