4 0.371875 0.6734375 0.12578125 0.2359375
4 0.2125 0.70546875 0.11875 0.15390625
4 0.48671875 0.76328125 0.16171875 0.18359375
4 0.52421875 0.5890625 0.115625 0.1625
4 0.41875 0.5265625 0.0953125 0.125
4 0.31484375 0.4875 0.0859375 0.1234375
4 0.103125 0.83203125 0.16796875 0.19140625
4 0.94375 0.8203125 0.1125 0.16328125
4 0.78125 0.846875 0.15859375 0.21640625
4 0.09609375 0.6015625 0.121875 0.15234375
4 0.05625 0.325 0.096875 0.0828125
4 0.0875 0.2265625 0.06953125 0.1109375
4 0.59296875 0.3828125 0.0625 0.0875
4 0.684375 0.5078125 0.0984375 0.10390625
1 0.65546875 0.68828125 0.11015625 0.16171875
2 0.625 0.8625 0.06328125 0.10546875
2 0.74140625 0.6046875 0.04140625 0.08984375