4 0.4421875 0.72890625 0.09453125 0.234375
4 0.54375 0.85546875 0.071875 0.1921875
4 0.39140625 0.8859375 0.1078125 0.221875
4 0.2625 0.8328125 0.09921875 0.190625
4 0.3171875 0.72578125 0.08828125 0.190625
4 0.428125 0.6328125 0.06953125 0.11015625
4 0.52421875 0.64765625 0.07578125 0.159375
4 0.54921875 0.53203125 0.065625 0.165625
1 0.665625 0.9375 0.0765625 0.125
1 0.67265625 0.8265625 0.0625 0.115625
1 0.759375 0.82734375 0.06875 0.10546875
1 0.9546875 0.928125 0.0875 0.11796875
1 0.85703125 0.9140625 0.078125 0.165625