4 0.521875 0.79375 0.1171875 0.18125
4 0.39921875 0.76015625 0.0953125 0.1328125
4 0.290625 0.7265625 0.09765625 0.10625
4 0.31875 0.53203125 0.0671875 0.08203125
4 0.31328125 0.59765625 0.11171875 0.0859375
4 0.53984375 0.359375 0.1015625 0.09609375
4 0.50546875 0.625 0.08515625 0.0921875
1 0.30859375 0.41640625 0.06875 0.0765625
1 0.16171875 0.39375 0.05078125 0.08125
1 0.521875 0.51875 0.08828125 0.0875
1 0.7796875 0.5890625 0.09140625 0.1640625
1 0.79765625 0.73203125 0.075 0.12109375
1 0.76640625 0.4453125 0.08828125 0.1046875
4 0.66953125 0.29375 0.09296875 0.0796875
4 0.68671875 0.2453125 0.05390625 0.096875
4 0.54140625 0.12421875 0.0421875 0.0578125
4 0.871875 0.34921875 0.06328125 0.11015625
4 0.74453125 0.209375 0.06015625 0.08515625