4 0.86484375 0.8625 0.2703125 0.18125
4 0.44609375 0.85234375 0.32890625 0.17734375
4 0.1328125 0.87734375 0.25859375 0.2453125
4 0.165625 0.6890625 0.21015625 0.159375
4 0.4234375 0.690625 0.20625 0.18984375
4 0.7078125 0.71328125 0.2421875 0.17890625
4 0.9234375 0.68125 0.153125 0.153125
4 0.45859375 0.56640625 0.1296875 0.12890625
4 0.69453125 0.5921875 0.12421875 0.11875
4 0.928125 0.59375 0.14375 0.0875
4 0.3125 0.490625 0.15234375 0.1078125
4 0.4859375 0.4609375 0.1203125 0.0859375
4 0.62109375 0.42421875 0.11796875 0.0734375
4 0.8953125 0.51875 0.13203125 0.0890625
4 0.70546875 0.48046875 0.15234375 0.0875
4 0.47890625 0.371875 0.10625 0.07421875
4 0.940625 0.37265625 0.11796875 0.109375