4 0.6609375 0.85078125 0.2859375 0.22734375
4 0.79765625 0.69609375 0.2671875 0.24296875
4 0.571875 0.67421875 0.2703125 0.20078125
4 0.34453125 0.784375 0.340625 0.21171875
4 0.3546875 0.92265625 0.2421875 0.15390625
4 0.1375 0.79609375 0.25859375 0.25859375
4 0.6734375 0.55703125 0.1625 0.1765625
4 0.9078125 0.54765625 0.1453125 0.1875
4 0.8265625 0.48125 0.178125 0.15234375
4 0.8328125 0.36875 0.14609375 0.1140625
4 0.2953125 0.628125 0.22734375 0.13671875
4 0.22265625 0.55390625 0.2453125 0.12734375
4 0.40078125 0.475 0.134375 0.1359375
4 0.36640625 0.4265625 0.19921875 0.146875
4 0.54453125 0.3328125 0.153125 0.115625
4 0.80546875 0.35859375 0.14921875 0.1140625
1 0.51015625 0.471875 0.1203125 0.1390625
1 0.4328125 0.60625 0.1625 0.171875
1 0.60859375 0.4796875 0.1578125 0.11953125
1 0.67734375 0.4125 0.15859375 0.09765625
1 0.05625 0.6578125 0.1125 0.128125
1 0.94140625 0.2953125 0.1171875 0.14375
4 0.86171875 0.26328125 0.125 0.07890625
4 0.909375 0.08125 0.10234375 0.1125
4 0.69140625 0.190625 0.1109375 0.12109375
4 0.559375 0.15625 0.09453125 0.1546875
4 0.403125 0.30625 0.1515625 0.1171875