2 0.1890625 0.9125 0.03203125 0.13046875
2 0.10546875 0.82578125 0.03046875 0.12421875
2 0.2875 0.471875 0.0140625 0.08671875
2 0.26328125 0.50390625 0.01953125 0.08203125
2 0.26171875 0.28671875 0.01875 0.071875
2 0.225 0.34375 0.0234375 0.0734375
2 0.36171875 0.959375 0.028125 0.08046875
2 0.0578125 0.1390625 0.02578125 0.07734375
2 0.0703125 0.05 0.0359375 0.1
1 0.03125 0.7953125 0.06171875 0.25
1 0.36953125 0.41171875 0.03671875 0.146875
1 0.4109375 0.82109375 0.05234375 0.19765625
4 0.3390625 0.63671875 0.05234375 0.16640625
4 0.4109375 0.63046875 0.0578125 0.15390625
4 0.03125 0.64296875 0.05859375 0.159375
4 0.6546875 0.91796875 0.05859375 0.15390625
4 0.62265625 0.86171875 0.05 0.171875
4 0.68125 0.79140625 0.05390625 0.19296875
4 0.60078125 0.7671875 0.0515625 0.14609375
4 0.6703125 0.7625 0.04609375 0.1859375
4 0.61796875 0.84921875 0.04296875 0.171875
4 0.78671875 0.87890625 0.0578125 0.18203125
4 0.73671875 0.9234375 0.07734375 0.15234375
4 0.734375 0.69375 0.05546875 0.1484375
4 0.65390625 0.6828125 0.0671875 0.13984375
4 0.55 0.63828125 0.05 0.16875
4 0.6109375 0.4671875 0.0578125 0.14609375
4 0.55546875 0.47421875 0.05078125 0.11640625
4 0.5 0.50703125 0.04140625 0.1625