4 0.09296875 0.97265625 0.10703125 0.0546875
4 0.071875 0.8921875 0.1078125 0.1390625
4 0.08671875 0.78125 0.11640625 0.1359375
4 0.09453125 0.70859375 0.103125 0.10625
4 0.10625 0.62890625 0.084375 0.13828125
4 0.1 0.56015625 0.078125 0.1171875
4 0.11171875 0.4796875 0.08359375 0.1296875
4 0.11640625 0.40703125 0.06875 0.08203125
4 0.27578125 0.86953125 0.1234375 0.15625
4 0.25 0.6921875 0.0828125 0.17578125
4 0.28828125 0.5890625 0.09140625 0.1609375
4 0.3671875 0.509375 0.078125 0.1265625
4 0.4578125 0.6140625 0.08046875 0.1671875
4 0.24921875 0.51484375 0.0859375 0.115625
4 0.26171875 0.403125 0.115625 0.12890625