4 0.43828125 0.70546875 0.1921875 0.23828125
4 0.7140625 0.78203125 0.2796875 0.24375
4 0.1046875 0.41015625 0.12578125 0.1109375
4 0.2625 0.3859375 0.165625 0.11171875
4 0.9265625 0.60546875 0.146875 0.19140625
4 0.83359375 0.45703125 0.1359375 0.10546875
4 0.74765625 0.34609375 0.165625 0.10859375
4 0.17734375 0.26640625 0.0953125 0.08515625
1 0.37890625 0.4703125 0.1421875 0.13359375
1 0.5046875 0.48203125 0.12421875 0.14609375
1 0.53203125 0.38359375 0.11015625 0.08515625
1 0.55234375 0.33203125 0.0875 0.07421875
1 0.51640625 0.22421875 0.07265625 0.07109375