4 0.62421875 0.80546875 0.1109375 0.25625
4 0.2390625 0.7578125 0.1375 0.1625
4 0.19453125 0.61015625 0.10078125 0.12578125
4 0.04765625 0.56640625 0.0890625 0.15
4 0.43046875 0.54609375 0.07578125 0.10078125
4 0.4796875 0.378125 0.05234375 0.0765625
4 0.41328125 0.4234375 0.04453125 0.07109375
4 0.5875 0.4078125 0.0375 0.08359375
4 0.6171875 0.34609375 0.034375 0.06875
4 0.55390625 0.32578125 0.03515625 0.0625
4 0.89921875 0.4703125 0.06015625 0.09609375
4 0.475 0.3734375 0.040625 0.05
4 0.47421875 0.32578125 0.0296875 0.04296875
4 0.403125 0.34765625 0.03828125 0.06640625
4 0.20625 0.37734375 0.0484375 0.0578125
4 0.17578125 0.34765625 0.0375 0.046875
4 0.10703125 0.36484375 0.0375 0.0515625
2 0.325 0.50234375 0.03828125 0.07734375
2 0.15390625 0.44453125 0.0328125 0.06875
2 0.603125 0.64609375 0.0296875 0.07578125
2 0.834375 0.40390625 0.03046875 0.07109375
2 0.95625 0.47890625 0.0265625 0.0703125
2 0.22421875 0.3265625 0.025 0.0484375