4 0.54140625 0.6765625 0.190625 0.12578125
4 0.8640625 0.68203125 0.2046875 0.16171875
4 0.93671875 0.51953125 0.1265625 0.1078125
4 0.690625 0.51953125 0.1328125 0.1109375
4 0.5265625 0.43046875 0.1140625 0.08046875
4 0.34921875 0.5078125 0.14921875 0.0984375
4 0.13203125 0.521875 0.1234375 0.08671875
1 0.17578125 0.4453125 0.08984375 0.09453125
1 0.04140625 0.43671875 0.0765625 0.08828125
1 0.92265625 0.85 0.1546875 0.1984375
1 0.08203125 0.81171875 0.15 0.16171875
2 0.290625 0.9359375 0.090625 0.10078125
2 0.41171875 0.94375 0.08671875 0.096875
2 0.578125 0.965625 0.1125 0.06796875
2 0.68125 0.971875 0.08359375 0.05625
2 0.4734375 0.5265625 0.06328125 0.07265625