4 0.08515625 0.94140625 0.1703125 0.1171875
4 0.15625 0.89375 0.103125 0.14765625
4 0.1546875 0.7953125 0.10859375 0.1140625
4 0.18359375 0.75 0.10078125 0.13125
4 0.196875 0.678125 0.090625 0.0921875
4 0.1875 0.609375 0.09375 0.1296875
4 0.2203125 0.565625 0.0703125 0.11328125
4 0.14375 0.4953125 0.08359375 0.09375
4 0.0859375 0.59765625 0.11484375 0.15234375
4 0.02890625 0.71171875 0.0578125 0.23828125
4 0.2546875 0.4640625 0.08359375 0.14296875
4 0.29609375 0.371875 0.065625 0.08046875
4 0.36953125 0.5171875 0.075 0.1125
4 0.38203125 0.44375 0.05546875 0.090625
4 0.39453125 0.38828125 0.06328125 0.084375
4 0.3609375 0.65546875 0.10234375 0.14296875
4 0.34296875 0.76953125 0.0984375 0.10859375
4 0.3421875 0.85234375 0.10859375 0.1234375
4 0.7390625 0.95625 0.103125 0.0875
4 0.72109375 0.88046875 0.08828125 0.125
4 0.70078125 0.8046875 0.10390625 0.11953125
4 0.67109375 0.73671875 0.09140625 0.1140625
4 0.50859375 0.834375 0.1046875 0.13671875
4 0.51953125 0.74921875 0.075 0.1
4 0.50703125 0.65859375 0.09921875 0.1078125
4 0.51328125 0.57734375 0.06171875 0.06953125
4 0.509375 0.4984375 0.08984375 0.09453125
4 0.51328125 0.43671875 0.06171875 0.09375
4 0.821875 0.68828125 0.0953125 0.12890625
4 0.78515625 0.58359375 0.0828125 0.1203125
4 0.82890625 0.496875 0.06171875 0.13046875
4 0.69765625 0.46328125 0.07265625 0.09140625
4 0.59140625 0.4484375 0.0484375 0.0671875