4 0.5515625 0.8703125 0.1390625 0.246875
4 0.6140625 0.9125 0.12578125 0.13359375
4 0.640625 0.953125 0.11875 0.09375
4 0.8453125 0.88359375 0.09921875 0.1671875
4 0.48203125 0.71171875 0.10859375 0.23671875
4 0.40234375 0.721875 0.0609375 0.20078125
4 0.33046875 0.63125 0.0671875 0.14296875
4 0.4453125 0.4921875 0.0609375 0.11953125
4 0.50625 0.528125 0.11015625 0.1296875
4 0.55625 0.39921875 0.05 0.15390625
4 0.10703125 0.51015625 0.0859375 0.1453125
4 0.87734375 0.5359375 0.07265625 0.15078125