4 0.37734375 0.3703125 0.07109375 0.10859375
4 0.584375 0.60390625 0.1984375 0.2046875
4 0.69765625 0.39765625 0.06875 0.21640625
4 0.60859375 0.38984375 0.075 0.1375
4 0.1828125 0.496875 0.1796875 0.2109375
4 0.396875 0.459375 0.1375 0.13828125
4 0.79765625 0.34140625 0.065625 0.16640625
1 0.7875 0.59140625 0.075 0.2078125
4 0.825 0.19296875 0.053125 0.1296875
4 0.6796875 0.25625 0.04609375 0.09453125
4 0.48359375 0.26015625 0.07578125 0.08671875
4 0.61171875 0.21640625 0.0578125 0.11328125
4 0.75234375 0.17890625 0.040625 0.096875
1 0.8875 0.3203125 0.05625 0.11796875