4 0.22109375 0.84140625 0.22109375 0.15703125
4 0.27421875 0.7515625 0.19375 0.09609375
4 0.16640625 0.70625 0.15859375 0.09453125
4 0.465625 0.875 0.24921875 0.1078125
4 0.54296875 0.8203125 0.1640625 0.11015625
4 0.83984375 0.90078125 0.3203125 0.1421875
4 0.5265625 0.7546875 0.15859375 0.08515625
4 0.57890625 0.71484375 0.1765625 0.11640625
4 0.82734375 0.7109375 0.18046875 0.103125
4 0.7890625 0.6546875 0.1296875 0.08046875
4 0.74296875 0.61953125 0.1046875 0.0625
4 0.71171875 0.578125 0.10859375 0.06953125
4 0.8546875 0.5453125 0.1421875 0.05703125
4 0.8203125 0.50546875 0.10546875 0.0484375