4 0.61953125 0.85234375 0.075 0.13046875
4 0.7421875 0.86875 0.08671875 0.1546875
4 0.6796875 0.77421875 0.059375 0.10703125
4 0.646875 0.7203125 0.0421875 0.05859375
4 0.71953125 0.725 0.05390625 0.0671875
4 0.7921875 0.809375 0.06484375 0.09140625
4 0.85 0.78203125 0.06015625 0.08515625
4 0.8890625 0.93515625 0.0984375 0.12421875
4 0.8140625 0.96015625 0.10625 0.07890625
4 0.9609375 0.86328125 0.078125 0.1265625
4 0.7546875 0.6875 0.0234375 0.04765625
4 0.3890625 0.85 0.065625 0.08046875
4 0.4171875 0.79296875 0.0609375 0.08515625
4 0.428125 0.734375 0.040625 0.0671875
4 0.44765625 0.68984375 0.03671875 0.0515625
4 0.28828125 0.828125 0.08515625 0.0828125
4 0.328125 0.796875 0.059375 0.134375
4 0.36953125 0.72421875 0.04765625 0.0515625
4 0.38984375 0.68046875 0.0375 0.065625
4 0.178125 0.85859375 0.0859375 0.10703125
4 0.196875 0.97265625 0.08671875 0.05390625