4 0.446875 0.78828125 0.1765625 0.30703125
4 0.62421875 0.6234375 0.19453125 0.2359375
4 0.7 0.82109375 0.196875 0.26484375
4 0.92890625 0.815625 0.1421875 0.2734375
4 0.6640625 0.378125 0.1453125 0.196875
4 0.38359375 0.421875 0.14609375 0.20078125
4 0.2078125 0.51640625 0.13359375 0.21484375
4 0.14453125 0.7859375 0.20625 0.3640625
4 0.175 0.25703125 0.11484375 0.17890625
4 0.36328125 0.2390625 0.1375 0.18671875
4 0.51328125 0.271875 0.14453125 0.2265625
4 0.54453125 0.15390625 0.09609375 0.1390625
4 0.46875 0.08203125 0.0984375 0.12421875
4 0.340625 0.13828125 0.1125 0.1390625
4 0.1421875 0.13125 0.1078125 0.16015625
4 0.084375 0.059375 0.0953125 0.109375
4 0.27265625 0.05703125 0.09453125 0.09609375