4 0.4515625 0.8671875 0.16875 0.26484375
4 0.653125 0.746875 0.20546875 0.259375
4 0.7375 0.91796875 0.1625 0.1640625
4 0.87265625 0.7453125 0.1640625 0.24296875
4 0.7515625 0.54296875 0.11953125 0.14296875
4 0.721875 0.4421875 0.10234375 0.125
4 0.69765625 0.3453125 0.06953125 0.10703125
4 0.6953125 0.26640625 0.05390625 0.0859375
4 0.7171875 0.221875 0.05625 0.0828125
4 0.59921875 0.546875 0.12109375 0.18046875
4 0.5765625 0.40625 0.075 0.1046875
4 0.5671875 0.3265625 0.0734375 0.0953125
4 0.61875 0.2453125 0.06796875 0.090625
4 0.45078125 0.5921875 0.09765625 0.14296875
4 0.44921875 0.44140625 0.0859375 0.10625
4 0.45703125 0.3609375 0.05625 0.146875
4 0.23828125 0.80390625 0.1640625 0.23515625
4 0.2859375 0.57734375 0.1203125 0.15625
4 0.3109375 0.41015625 0.09375 0.1078125
4 0.31328125 0.33828125 0.06640625 0.096875
4 0.315625 0.2671875 0.04453125 0.0671875
4 0.19140625 0.375 0.08828125 0.11953125
4 0.228125 0.284375 0.053125 0.084375
4 0.13671875 0.4828125 0.09296875 0.16015625
4 0.065625 0.63515625 0.13046875 0.1984375
4 0.046875 0.85 0.09296875 0.29921875