4 0.534375 0.9203125 0.22734375 0.159375
4 0.50625 0.8375 0.18046875 0.21171875
4 0.5078125 0.734375 0.190625 0.196875
4 0.5234375 0.63203125 0.1640625 0.2265625
4 0.52265625 0.534375 0.15078125 0.12890625
4 0.5375 0.4734375 0.14609375 0.17890625
4 0.4921875 0.4140625 0.1140625 0.140625
4 0.50859375 0.33203125 0.128125 0.1265625
4 0.77421875 0.46015625 0.165625 0.23671875
4 0.8609375 0.56171875 0.178125 0.17578125
4 0.7515625 0.28984375 0.115625 0.1640625
4 0.2265625 0.57109375 0.15859375 0.18125
4 0.21796875 0.43828125 0.15234375 0.20546875
4 0.12421875 0.75703125 0.18984375 0.328125