4 0.9328125 0.8921875 0.134375 0.215625
4 0.75703125 0.5984375 0.06875 0.12265625
4 0.5453125 0.6 0.09609375 0.14375
1 0.54140625 0.7703125 0.1375 0.20859375
1 0.8375 0.69453125 0.11328125 0.2
1 0.7734375 0.484375 0.1 0.11328125
1 0.5984375 0.47734375 0.0609375 0.1078125
1 0.50078125 0.44921875 0.065625 0.0984375
1 0.14140625 0.93515625 0.1859375 0.1296875
2 0.56484375 0.94453125 0.06640625 0.1109375
2 0.42109375 0.86328125 0.078125 0.121875
2 0.27578125 0.884375 0.059375 0.12890625
2 0.6359375 0.5625 0.04375 0.084375
2 0.6984375 0.56328125 0.03515625 0.0859375