4 0.415625 0.8296875 0.1578125 0.159375
4 0.4578125 0.73125 0.13984375 0.165625
4 0.42734375 0.65859375 0.1296875 0.1359375
4 0.47890625 0.5765625 0.12265625 0.1234375
4 0.48046875 0.484375 0.09453125 0.0859375
4 0.52578125 0.421875 0.109375 0.13828125
4 0.5328125 0.365625 0.08125 0.07421875
4 0.546875 0.32421875 0.06796875 0.10234375
4 0.73359375 0.82578125 0.171875 0.23359375
4 0.68046875 0.71796875 0.1296875 0.12109375
4 0.69921875 0.6453125 0.128125 0.1234375
4 0.6734375 0.54140625 0.103125 0.13515625
4 0.709375 0.4484375 0.10703125 0.11328125
4 0.69609375 0.3515625 0.0796875 0.10234375
4 0.0953125 0.76015625 0.190625 0.29609375
4 0.20703125 0.58046875 0.146875 0.17421875
4 0.3046875 0.53671875 0.11953125 0.19140625
4 0.29921875 0.415625 0.08828125 0.0953125
4 0.3640625 0.3703125 0.13359375 0.13046875