4 0.38125 0.878125 0.18046875 0.2125
4 0.121875 0.9234375 0.196875 0.153125
4 0.23984375 0.74140625 0.16796875 0.24296875
4 0.2625 0.56171875 0.14765625 0.1734375
4 0.453125 0.65 0.15546875 0.17265625
4 0.4390625 0.5328125 0.11484375 0.11953125
4 0.43828125 0.47109375 0.1125 0.12578125
4 0.63046875 0.78828125 0.17265625 0.18046875
4 0.87890625 0.82734375 0.17578125 0.2140625
4 0.8203125 0.725 0.134375 0.19296875
4 0.80078125 0.66875 0.146875 0.1703125
4 0.765625 0.58203125 0.13515625 0.1625
4 0.7609375 0.52890625 0.1390625 0.16484375
4 0.73203125 0.4546875 0.11640625 0.10234375