4 0.36015625 0.79296875 0.1453125 0.18984375
4 0.07421875 0.778125 0.10859375 0.19453125
4 0.31328125 0.553125 0.11640625 0.1328125
4 0.1125 0.5859375 0.1140625 0.1203125
4 0.1296875 0.48046875 0.1515625 0.10625
4 0.290625 0.44140625 0.09375 0.1078125
4 0.53125 0.621875 0.11796875 0.128125
4 0.62265625 0.796875 0.134375 0.146875
4 0.7265625 0.9390625 0.16015625 0.11640625
4 0.50625 0.55625 0.109375 0.0859375
4 0.4859375 0.475 0.08515625 0.08046875
4 0.4265625 0.453125 0.0828125 0.0859375
4 0.38515625 0.40390625 0.07109375 0.08671875
4 0.25234375 0.36875 0.0921875 0.08125
4 0.12578125 0.334375 0.07578125 0.08984375
4 0.11953125 0.23984375 0.04375 0.059375
4 0.63515625 0.41015625 0.08515625 0.09921875
4 0.70078125 0.47109375 0.06015625 0.078125
4 0.75703125 0.50546875 0.10546875 0.13125
4 0.86015625 0.60078125 0.109375 0.115625
4 0.95625 0.740625 0.0875 0.13359375
4 0.91640625 0.490625 0.0984375 0.08203125
4 0.86171875 0.3609375 0.0671875 0.10390625
4 0.659375 0.3 0.084375 0.071875
4 0.54921875 0.33203125 0.07890625 0.065625
4 0.4203125 0.1984375 0.06640625 0.04140625