4 0.45546875 0.94609375 0.140625 0.10703125
4 0.54296875 0.909375 0.109375 0.16875
4 0.39140625 0.87578125 0.15859375 0.19140625
4 0.278125 0.9484375 0.13359375 0.103125
4 0.18125 0.821875 0.10625 0.13125
4 0.30703125 0.67109375 0.12109375 0.1359375
4 0.37421875 0.7265625 0.08125 0.11484375
4 0.44921875 0.67734375 0.08828125 0.10625
4 0.5515625 0.75546875 0.090625 0.15546875
4 0.60703125 0.8140625 0.1234375 0.15390625
4 0.075 0.675 0.11015625 0.1140625
4 0.3125 0.56796875 0.10703125 0.1078125
4 0.18125 0.52109375 0.06875 0.07890625
4 0.721875 0.5828125 0.14140625 0.1671875
4 0.87421875 0.746875 0.1296875 0.16328125
4 0.65703125 0.5140625 0.084375 0.11640625
4 0.62265625 0.4390625 0.0796875 0.12734375
4 0.77578125 0.4515625 0.09375 0.10546875
4 0.8140625 0.36640625 0.0890625 0.09765625
4 0.91796875 0.434375 0.0859375 0.10546875
4 0.7296875 0.32578125 0.08046875 0.08828125
4 0.6015625 0.39140625 0.08671875 0.11328125
4 0.1671875 0.47578125 0.06953125 0.08671875
4 0.959375 0.7234375 0.08125 0.15