4 0.36484375 0.8375 0.12265625 0.16875
4 0.6546875 0.88671875 0.15390625 0.153125
4 0.88671875 0.85390625 0.15703125 0.14921875
4 0.81171875 0.8375 0.10703125 0.1734375
4 0.94296875 0.73359375 0.11328125 0.16015625
4 0.4890625 0.72265625 0.10234375 0.153125
4 0.4453125 0.80078125 0.10703125 0.1515625
4 0.075 0.871875 0.15 0.16640625
4 0.25546875 0.87265625 0.14921875 0.1265625
4 0.56015625 0.64140625 0.11015625 0.15546875
4 0.65078125 0.87421875 0.12734375 0.14921875
4 0.2140625 0.7796875 0.12109375 0.10390625
4 0.375 0.66796875 0.1125 0.0953125
4 0.48203125 0.7171875 0.0921875 0.14375
4 0.22109375 0.69453125 0.11640625 0.07734375
4 0.10625 0.6859375 0.09765625 0.1203125