4 0.434375 0.9109375 0.13125 0.178125
4 0.28828125 0.87890625 0.11796875 0.21015625
4 0.61640625 0.92109375 0.11875 0.1578125
4 0.78203125 0.9125 0.1078125 0.175
4 0.83203125 0.7328125 0.10703125 0.21953125
4 0.68046875 0.77421875 0.0953125 0.203125
4 0.5125 0.7671875 0.1234375 0.1625
4 0.37734375 0.7421875 0.10546875 0.1734375
4 0.19296875 0.740625 0.11953125 0.1609375
4 0.0984375 0.81796875 0.1125 0.1703125
4 0.165625 0.61484375 0.06953125 0.10859375
4 0.26015625 0.6359375 0.071875 0.16328125
4 0.36875 0.65 0.08359375 0.1484375
4 0.48984375 0.62109375 0.08046875 0.1375
4 0.54921875 0.67734375 0.09609375 0.1171875
4 0.61328125 0.60390625 0.0703125 0.14140625
4 0.65234375 0.51484375 0.06171875 0.10546875
4 0.74296875 0.5296875 0.0671875 0.11796875
4 0.5578125 0.5234375 0.0875 0.10546875
4 0.48828125 0.47265625 0.0734375 0.159375
4 0.3828125 0.440625 0.06640625 0.0859375