4 0.53984375 0.95234375 0.17109375 0.09453125
4 0.66796875 0.9265625 0.14609375 0.11015625
4 0.328125 0.859375 0.10625 0.0953125
4 0.425 0.84609375 0.15 0.08203125
4 0.5546875 0.8265625 0.10546875 0.0921875
4 0.71953125 0.8328125 0.15 0.06875
4 0.22265625 0.92890625 0.2046875 0.12578125
1 0.365625 0.79375 0.07578125 0.05703125
1 0.28828125 0.7171875 0.06171875 0.05546875
3 0.1484375 0.67890625 0.24609375 0.1078125
2 0.0859375 0.87265625 0.078125 0.04375
2 0.21953125 0.84609375 0.04140625 0.04765625