2 0.15703125 0.94921875 0.06015625 0.1015625
4 0.85859375 0.88828125 0.253125 0.22265625
4 0.678125 0.72421875 0.16171875 0.16640625
4 0.48515625 0.6796875 0.13515625 0.1609375
4 0.54921875 0.75625 0.1453125 0.11484375
4 0.3109375 0.9 0.16640625 0.19921875
4 0.27421875 0.76484375 0.1234375 0.1703125
4 0.0703125 0.7375 0.1140625 0.1984375
4 0.2484375 0.6765625 0.1 0.16484375
4 0.2515625 0.56328125 0.10703125 0.11796875
4 0.3890625 0.58515625 0.10234375 0.0984375
4 0.4484375 0.49296875 0.09453125 0.13828125
4 0.5328125 0.5984375 0.12890625 0.13828125
4 0.2546875 0.5640625 0.10859375 0.1203125
4 0.78984375 0.5984375 0.11796875 0.15390625
4 0.921875 0.58671875 0.11328125 0.140625
4 0.834375 0.51484375 0.10078125 0.0984375
4 0.7015625 0.49296875 0.1015625 0.13359375
4 0.8015625 0.396875 0.08984375 0.1359375
4 0.7171875 0.425 0.10234375 0.09921875
4 0.625 0.44296875 0.0875 0.11015625
4 0.7984375 0.3890625 0.084375 0.115625
4 0.8640625 0.35546875 0.07578125 0.125
4 0.62578125 0.4421875 0.08515625 0.11875
1 0.54921875 0.87734375 0.12734375 0.24453125