1 0.48984375 0.8484375 0.13828125 0.1046875
1 0.1125 0.528125 0.10390625 0.0796875
4 0.27421875 0.8890625 0.16640625 0.1359375
4 0.64296875 0.74140625 0.13046875 0.12578125
4 0.74140625 0.81171875 0.246875 0.1375
4 0.7890625 0.91640625 0.14765625 0.1171875
4 0.48984375 0.94609375 0.21484375 0.1078125
4 0.54453125 0.615625 0.128125 0.1046875
4 0.34375 0.5859375 0.10078125 0.06953125
4 0.40703125 0.4375 0.11875 0.07890625
4 0.7453125 0.60390625 0.16953125 0.11640625
4 0.809375 0.69375 0.10703125 0.0609375
4 0.4515625 0.74921875 0.1171875 0.12734375
4 0.89453125 0.625 0.12734375 0.09921875
4 0.62578125 0.4203125 0.08984375 0.084375
4 0.53203125 0.3546875 0.06875 0.05859375