4 0.44375 0.925 0.0953125 0.15
4 0.596875 0.90625 0.103125 0.1453125
4 0.2875 0.94453125 0.10703125 0.1109375
4 0.309375 0.721875 0.09765625 0.096875
4 0.23828125 0.68046875 0.10625 0.0984375
4 0.3625 0.575 0.1015625 0.09453125
4 0.5125 0.540625 0.0640625 0.0875
4 0.634375 0.709375 0.1046875 0.109375
4 0.475 0.63671875 0.08359375 0.0640625
4 0.60390625 0.553125 0.0671875 0.0921875
4 0.82109375 0.6203125 0.08984375 0.1265625
4 0.73671875 0.52109375 0.05625 0.11796875
4 0.9015625 0.83515625 0.103125 0.1921875
4 0.46796875 0.73203125 0.07421875 0.09609375
4 0.4234375 0.81953125 0.1046875 0.07734375
4 0.4171875 0.49453125 0.07578125 0.1015625
1 0.9078125 0.48046875 0.05234375 0.084375
1 0.796875 0.446875 0.053125 0.0796875
1 0.9890625 0.5484375 0.021875 0.0828125