4 0.3328125 0.859375 0.134375 0.1703125
4 0.315625 0.71328125 0.10078125 0.11484375
4 0.30859375 0.63984375 0.08046875 0.10546875
4 0.29765625 0.53984375 0.0859375 0.07734375
4 0.28203125 0.5125 0.07734375 0.096875
4 0.2703125 0.39921875 0.0828125 0.08515625
4 0.27265625 0.34453125 0.06640625 0.06015625
4 0.0765625 0.88203125 0.153125 0.18515625
4 0.0875 0.746875 0.13828125 0.1953125
4 0.084375 0.63828125 0.10390625 0.1453125
4 0.1125 0.575 0.0859375 0.11640625
4 0.1359375 0.51484375 0.084375 0.10625
4 0.146875 0.4203125 0.06484375 0.10546875
4 0.06328125 0.359375 0.05078125 0.1015625
4 0.71953125 0.815625 0.13046875 0.18828125
4 0.646875 0.70703125 0.096875 0.11640625
4 0.6015625 0.67578125 0.084375 0.13671875
4 0.5484375 0.58984375 0.08671875 0.11875
4 0.5296875 0.5328125 0.06796875 0.08828125
4 0.51484375 0.49140625 0.0828125 0.1328125
4 0.62734375 0.4515625 0.078125 0.09296875
4 0.67421875 0.5203125 0.06640625 0.0953125
4 0.70234375 0.57734375 0.06015625 0.11171875
4 0.75703125 0.63671875 0.1109375 0.09453125
4 0.83125 0.7 0.11953125 0.14140625
4 0.903125 0.7921875 0.1078125 0.1109375
4 0.91015625 0.5765625 0.08671875 0.11953125
4 0.82734375 0.5328125 0.07265625 0.11015625
4 0.80078125 0.49921875 0.0828125 0.0921875
4 0.771875 0.48515625 0.08203125 0.103125
4 0.75703125 0.3875 0.05234375 0.0625
4 0.86328125 0.44375 0.078125 0.090625
4 0.97734375 0.68984375 0.0453125 0.1140625