4 0.5515625 0.94140625 0.1203125 0.1171875
4 0.37578125 0.9171875 0.1421875 0.165625
4 0.4171875 0.7703125 0.09453125 0.13046875
4 0.25703125 0.8171875 0.1359375 0.17734375
4 0.165625 0.77734375 0.11328125 0.14609375
4 0.24609375 0.653125 0.08671875 0.134375
4 0.4625 0.678125 0.09375 0.08828125
4 0.5703125 0.73203125 0.0953125 0.08671875
4 0.559375 0.82109375 0.11484375 0.10078125
4 0.70859375 0.76328125 0.10078125 0.090625
4 0.72265625 0.846875 0.11796875 0.0953125
4 0.809375 0.6765625 0.0921875 0.13359375
4 0.5734375 0.5953125 0.06015625 0.06484375
4 0.3765625 0.603125 0.08359375 0.0921875
4 0.1609375 0.534375 0.0671875 0.08671875
4 0.74453125 0.93671875 0.15625 0.1265625
4 0.8796875 0.85234375 0.0953125 0.1265625
4 0.92109375 0.9328125 0.11171875 0.134375
4 0.490625 0.53359375 0.08046875 0.06328125
4 0.38125 0.5421875 0.065625 0.08046875
4 0.9140625 0.46484375 0.0796875 0.13125
4 0.86640625 0.38984375 0.0578125 0.06171875