4 0.57421875 0.79921875 0.15546875 0.3234375
4 0.1328125 0.7765625 0.18046875 0.24140625
4 0.29453125 0.58671875 0.12421875 0.203125
4 0.709375 0.64609375 0.18125 0.29609375
4 0.5578125 0.54140625 0.10625 0.20078125
4 0.93359375 0.83671875 0.1328125 0.32578125
4 0.9171875 0.40625 0.11171875 0.1578125
1 0.10234375 0.48515625 0.08984375 0.1453125
1 0.178125 0.40078125 0.08828125 0.09765625
1 0.190625 0.2734375 0.05078125 0.0953125
3 0.2859375 0.18203125 0.1734375 0.09609375
3 0.071875 0.31015625 0.14375 0.2390625