4 0.4453125 0.8625 0.15 0.275
4 0.640625 0.753125 0.1625 0.24375
4 0.72890625 0.9421875 0.2 0.115625
4 0.871875 0.746875 0.16953125 0.25859375
4 0.76953125 0.54921875 0.11328125 0.1484375
4 0.615625 0.546875 0.11015625 0.16640625
4 0.5796875 0.4203125 0.0765625 0.10234375
4 0.5703125 0.3390625 0.0828125 0.10234375
4 0.63203125 0.25625 0.08125 0.090625
4 0.65 0.17109375 0.0515625 0.09296875
4 0.459375 0.603125 0.11328125 0.16640625
4 0.4484375 0.45859375 0.07890625 0.11171875
4 0.4625 0.3578125 0.084375 0.11796875
4 0.49453125 0.271875 0.0515625 0.1046875
4 0.52734375 0.2234375 0.03515625 0.0796875
4 0.22421875 0.80703125 0.12265625 0.19765625
4 0.2875 0.57734375 0.0921875 0.15390625
4 0.29765625 0.41796875 0.07421875 0.09296875
4 0.30703125 0.33359375 0.0609375 0.0734375
4 0.31328125 0.26953125 0.04375 0.06328125
4 0.33125 0.2078125 0.04609375 0.07109375
4 0.05234375 0.83203125 0.1046875 0.21171875
4 0.07890625 0.62421875 0.109375 0.2078125
4 0.1578125 0.48046875 0.11953125 0.1375
4 0.190625 0.371875 0.08203125 0.10546875
4 0.22421875 0.28828125 0.071875 0.10546875
4 0.26328125 0.22109375 0.046875 0.0703125