4 0.35 0.82421875 0.27734375 0.29765625
4 0.80078125 0.8734375 0.24609375 0.253125
4 0.71875 0.725 0.2625 0.278125
4 0.7875 0.54453125 0.26640625 0.1859375
4 0.40703125 0.57734375 0.23984375 0.1828125
4 0.39765625 0.44140625 0.17578125 0.19609375
4 0.690625 0.44296875 0.14921875 0.1828125
4 0.33046875 0.371875 0.121875 0.1515625
4 0.64609375 0.28046875 0.13515625 0.09609375
4 0.47265625 0.18671875 0.1359375 0.16171875
4 0.40234375 0.2640625 0.10390625 0.09921875
4 0.103125 0.30625 0.128125 0.16796875
4 0.08203125 0.5796875 0.121875 0.27734375
4 0.8015625 0.18671875 0.09765625 0.11953125