4 0.5703125 0.58984375 0.1 0.14296875
4 0.6265625 0.79140625 0.146875 0.1765625
4 0.85 0.78125 0.15859375 0.17890625
4 0.9375 0.9 0.1203125 0.19921875
4 0.95390625 0.6953125 0.0921875 0.15546875
4 0.90546875 0.596875 0.08984375 0.12109375
4 0.76484375 0.63515625 0.109375 0.14296875
4 0.66640625 0.50703125 0.08125 0.09140625
4 0.52265625 0.4859375 0.09453125 0.115625
4 0.72890625 0.40234375 0.0734375 0.08046875
4 0.796875 0.45859375 0.06796875 0.09765625
4 0.8375 0.53046875 0.0859375 0.09765625
4 0.93984375 0.46484375 0.109375 0.12421875
4 0.721875 0.40625 0.06640625 0.09765625
4 0.68671875 0.35390625 0.0625 0.06875
4 0.60078125 0.36640625 0.065625 0.07578125
4 0.51484375 0.4109375 0.08046875 0.10234375
4 0.4828125 0.35078125 0.0703125 0.07734375
4 0.4484375 0.26328125 0.04609375 0.05078125
4 0.08359375 0.24609375 0.0546875 0.05234375