4 0.6546875 0.8984375 0.14140625 0.203125
4 0.52890625 0.82421875 0.08125 0.14765625
4 0.38359375 0.88515625 0.0953125 0.14296875
4 0.753125 0.7859375 0.1078125 0.140625
4 0.91953125 0.9234375 0.1515625 0.15234375
4 0.55 0.66875 0.0390625 0.06484375
4 0.63203125 0.68671875 0.08359375 0.0765625
4 0.4140625 0.71796875 0.059375 0.10625
4 0.34140625 0.7421875 0.053125 0.1046875
1 0.159375 0.9203125 0.1203125 0.15859375
1 0.203125 0.7625 0.06640625 0.1140625
1 0.325 0.6109375 0.03046875 0.04921875
1 0.121875 0.7546875 0.10390625 0.07890625