4 0.1921875 0.91484375 0.11640625 0.1265625
4 0.1375 0.80078125 0.09140625 0.140625
4 0.26484375 0.6796875 0.10390625 0.1484375
4 0.2125 0.5890625 0.08046875 0.14765625
4 0.6375 0.85078125 0.1328125 0.22734375
4 0.65625 0.69609375 0.11953125 0.1390625
4 0.778125 0.746875 0.09375 0.15625
4 0.9046875 0.84921875 0.115625 0.15625
4 0.7859375 0.953125 0.1703125 0.09375
4 0.6734375 0.625 0.10859375 0.17734375
4 0.5875 0.490625 0.06015625 0.1
4 0.5234375 0.559375 0.09765625 0.11875
4 0.45 0.6421875 0.08125 0.0984375
4 0.4375 0.7484375 0.10546875 0.11640625