4 0.35390625 0.8171875 0.26328125 0.32109375
4 0.28046875 0.52109375 0.171875 0.2078125
4 0.5015625 0.58046875 0.18046875 0.2796875
4 0.69453125 0.87734375 0.2265625 0.2453125
4 0.8359375 0.68515625 0.22578125 0.24296875
4 0.90703125 0.5078125 0.1859375 0.215625
4 0.59453125 0.45546875 0.15859375 0.21171875
4 0.54765625 0.2015625 0.10234375 0.10625
4 0.2125 0.15546875 0.128125 0.1875
4 0.10625 0.1078125 0.0859375 0.1171875
4 0.5328125 0.128125 0.09453125 0.08671875
4 0.6875 0.2640625 0.11171875 0.1375
4 0.6296875 0.3421875 0.15859375 0.17578125