4 0.56640625 0.85546875 0.65546875 0.2890625
4 0.50234375 0.625 0.24296875 0.11484375
4 0.51328125 0.55390625 0.14921875 0.1265625
4 0.16796875 0.7046875 0.14296875 0.265625
4 0.2125 0.678125 0.109375 0.26328125
4 0.2671875 0.6203125 0.11953125 0.25
4 0.32421875 0.54375 0.140625 0.203125
4 0.37265625 0.48828125 0.09375 0.165625
4 0.9359375 0.77578125 0.12734375 0.27734375
4 0.83203125 0.72734375 0.109375 0.25078125
4 0.846875 0.628125 0.15390625 0.21953125
4 0.75625 0.62109375 0.103125 0.16328125
4 0.7765625 0.5625 0.11015625 0.12890625
4 0.715625 0.57265625 0.103125 0.16796875
4 0.69609375 0.49140625 0.08984375 0.103125
4 0.6890625 0.42890625 0.0859375 0.12109375