4 0.26484375 0.90078125 0.05859375 0.10234375
4 0.2859375 0.83203125 0.059375 0.07421875
4 0.27109375 0.78046875 0.053125 0.07421875
4 0.3046875 0.7328125 0.0296875 0.09296875
4 0.3515625 0.85 0.05078125 0.07890625
4 0.396875 0.8015625 0.05 0.08515625
4 0.38671875 0.7359375 0.065625 0.08359375
4 0.259375 0.7 0.05546875 0.08671875
4 0.3109375 0.6359375 0.0265625 0.053125
4 0.4734375 0.7578125 0.0484375 0.06875
4 0.35625 0.63671875 0.0375 0.06171875
4 0.47890625 0.6640625 0.04375 0.08359375
4 0.56171875 0.66484375 0.04765625 0.08515625
4 0.5953125 0.8296875 0.0578125 0.08359375
4 0.54765625 0.77734375 0.05078125 0.09765625
4 0.70390625 0.7140625 0.05703125 0.065625
4 0.6421875 0.65859375 0.04453125 0.05390625