1 0.8703125 0.74296875 0.23515625 0.328125
1 0.71953125 0.66015625 0.13359375 0.2640625
1 0.64140625 0.6078125 0.11328125 0.22734375
1 0.4765625 0.5734375 0.12109375 0.1328125
1 0.30078125 0.61640625 0.18828125 0.21328125
1 0.0671875 0.571875 0.1140625 0.18046875
1 0.703125 0.425 0.096875 0.1046875
1 0.84375 0.50546875 0.075 0.08828125
1 0.4828125 0.33984375 0.08046875 0.09296875
4 0.5109375 0.80546875 0.18671875 0.38828125
4 0.1828125 0.7421875 0.2953125 0.35234375
4 0.371875 0.4375 0.1625 0.09453125
4 0.353125 0.5203125 0.15859375 0.15859375
4 0.19453125 0.43046875 0.12265625 0.15234375
4 0.39375 0.35703125 0.090625 0.0765625
1 0.6390625 0.3953125 0.0765625 0.1375