4 0.40390625 0.7375 0.13515625 0.23515625
4 0.38515625 0.58828125 0.10234375 0.15859375
4 0.35859375 0.4734375 0.0890625 0.13515625
4 0.37734375 0.4234375 0.08984375 0.128125
4 0.3484375 0.359375 0.0890625 0.11953125
4 0.51328125 0.5796875 0.096875 0.16640625
4 0.596875 0.70234375 0.11015625 0.18828125
4 0.65546875 0.89453125 0.1328125 0.2109375
4 0.84921875 0.8734375 0.12890625 0.24765625
4 0.7859375 0.7046875 0.0984375 0.1484375
4 0.71875 0.59921875 0.10078125 0.1484375
4 0.68046875 0.53984375 0.06953125 0.11796875
4 0.62734375 0.41015625 0.078125 0.1234375
4 0.1734375 0.78984375 0.1453125 0.2703125
4 0.24296875 0.634375 0.1125 0.2109375
4 0.1828125 0.49375 0.09765625 0.1578125
4 0.21640625 0.43046875 0.08203125 0.1328125
4 0.24375 0.37578125 0.0890625 0.146875
4 0.23515625 0.30625 0.05859375 0.1
4 0.53203125 0.22109375 0.0609375 0.06171875
4 0.54765625 0.27265625 0.06953125 0.08203125
4 0.56953125 0.33125 0.0671875 0.10234375
4 0.59609375 0.384375 0.09296875 0.1375