1 0.7859375 0.8359375 0.17109375 0.25703125
1 0.5234375 0.91015625 0.24296875 0.1796875
1 0.28046875 0.95078125 0.2171875 0.0984375
1 0.77890625 0.23984375 0.0734375 0.0875
1 0.49453125 0.40390625 0.0890625 0.0828125
1 0.74453125 0.16484375 0.06171875 0.0625
4 0.346875 0.6140625 0.2328125 0.24140625
4 0.50546875 0.5359375 0.134375 0.1640625
4 0.90546875 0.64765625 0.15078125 0.17421875
4 0.87734375 0.5640625 0.15390625 0.1890625
4 0.69453125 0.60546875 0.15546875 0.16640625
4 0.75546875 0.4609375 0.090625 0.14296875