4 0.7359375 0.58515625 0.12421875 0.146875
4 0.6515625 0.4390625 0.08984375 0.0875
4 0.28203125 0.94921875 0.1359375 0.1015625
4 0.48359375 0.953125 0.14453125 0.09296875
4 0.5765625 0.9125 0.15234375 0.15390625
4 0.63359375 0.809375 0.09140625 0.13671875
4 0.47265625 0.66875 0.0953125 0.07734375
4 0.31796875 0.64765625 0.0859375 0.0734375
4 0.3390625 0.54609375 0.08125 0.07890625
4 0.18515625 0.52890625 0.0796875 0.06953125
4 0.78984375 0.43671875 0.08359375 0.07734375
4 0.94296875 0.42109375 0.1140625 0.10546875
4 0.8375 0.3640625 0.1109375 0.084375
4 0.746875 0.334375 0.06875 0.0703125
4 0.6515625 0.2828125 0.08046875 0.08515625
1 0.1703125 0.6921875 0.08359375 0.084375
1 0.275 0.80390625 0.10859375 0.109375
1 0.48984375 0.77578125 0.11328125 0.1375
1 0.23671875 0.57421875 0.078125 0.10078125
1 0.08046875 0.9484375 0.10859375 0.103125
1 0.7375 0.446875 0.0703125 0.09765625
4 0.39375 0.8453125 0.10625 0.14375
3 0.07265625 0.490625 0.1265625 0.225
3 0.8125 0.23046875 0.196875 0.14921875