4 0.46953125 0.76953125 0.0859375 0.1890625
4 0.74375 0.828125 0.13203125 0.23671875
4 0.903125 0.8640625 0.13046875 0.22109375
4 0.778125 0.61953125 0.08359375 0.15078125
4 0.69296875 0.60625 0.0796875 0.134375
4 0.64765625 0.49921875 0.05078125 0.09375
4 0.73515625 0.4953125 0.05625 0.09453125
4 0.6859375 0.43671875 0.0484375 0.07734375
4 0.64375 0.42578125 0.04140625 0.07890625
4 0.5515625 0.61953125 0.07734375 0.13203125
4 0.46328125 0.60703125 0.05625 0.12578125
4 0.42265625 0.50390625 0.0484375 0.0984375
4 0.36171875 0.49375 0.05 0.08671875
4 0.32109375 0.59296875 0.05546875 0.103125
4 0.496875 0.3921875 0.02421875 0.07734375
4 0.62734375 0.37109375 0.03984375 0.0796875
1 0.47734375 0.4828125 0.03671875 0.07578125